    Keycode       Date  Day  Main Event  Samvatsaram  Ayanam  Rithu  Maasa  \
0         1   1/1/2017    1         NaN            1       2      6      1   
1         2   1/2/2017    2         NaN            1       2      6      1   
2         3   1/3/2017    3         NaN            1       2      6      1   
3         4   1/4/2017    4         NaN            1       2      6      1   
4         5   1/5/2017    5         NaN            1       2      6      1   
5         6   1/6/2017    6         NaN            1       2      6      1   
6         7   1/7/2017    7         NaN            1       2      6      1   
7         8   1/8/2017    1         NaN            1       2      6      1   
8         9   1/9/2017    2         NaN            1       2      6      1   
9        10  1/10/2017    3         NaN            1       2      6      1   
10       11  1/11/2017    4         NaN            1       2      6      1   
11       12  1/12/2017    5         NaN            1       2      6      1   
12       13  1/13/2017    6         NaN            1       2      6      1   
13       14  1/14/2017    7         NaN            1       2      6      2   
14       15  1/15/2017    1         NaN            1       2      6      2   
15       16  1/16/2017    2         NaN            1       2      6      2   
16       17  1/17/2017    3         NaN            1       2      6      2   
17       18  1/18/2017    4         NaN            1       2      6      2   
18       19  1/19/2017    5         NaN            1       2      6      2   
19       20  1/20/2017    6         NaN            1       2      6      2   
20       21  1/21/2017    7         NaN            1       2      6      2   
21       22  1/22/2017    1         NaN            1       2      6      2   
22       23  1/23/2017    2         NaN            1       2      6      2   
23       24  1/24/2017    3         NaN            1       2      6      2   
24       25  1/25/2017    4         NaN            1       2      6      2   
25       26  1/26/2017    5         NaN            1       2      6      2   
26       27  1/27/2017    6         NaN            1       2      6      2   
27       28  1/28/2017    7         NaN            1       2      6      2   
28       29  1/29/2017    1         NaN            1       2      6      2   
29       30  1/30/2017    2         NaN            1       2      6      2   
30       31  1/31/2017    3         NaN            1       2      6      2   

    Pakshae  Vaaram  Thithi  
0         1       1       4  
1         1       2       5  
2         1       3       6  
3         1       4       7  
4         1       5       8  
5         1       6       9  
6         1       7      10  
7         1       1      11  
8         1       2      12  
9         1       3      13  
10        1       4      14  
11        2       5      15  
12        2       6      16  
13        2       7       1  
14        2       1       2  
15        2       2       3  
16        2       3       4  
17        2       4       5  
18        2       5       6  
19        2       6       7  
20        2       7       8  
21        2       1       9  
22        2       2      10  
23        2       3      11  
24        2       4      12  
25        2       5      13  
26        2       6      14  
27        1       7      15  
28        1       1      16  
29        1       2       1  
30        1       3       2  